mld 00035 00030 00032 00034 0
mod 00036 00035 00029 0
mud 00037 00036 00027 00035 0
mrd 00038 00030 00033 00034 0
mdd 00039 00036 00028 00038 00037 0
mld 00040 00031 00032 00039 1
mod 00041 00040 00029 1
mud 00042 00041 00027 00040 1
mrd 00043 00031 00033 00039 1
mdd 00044 00036 00028 00043 00042 1
mld 00053 00048 00050 00052 2
mod 00054 00053 00047 2
mud 00055 00054 00045 00053 2
mrd 00056 00048 00051 00052 2
mdd 00057 00054 00046 00056 00055 2
mld 00058 00049 00050 00057 3
mod 00059 00058 00047 3
mud 00060 00059 00045 00058 3
mrd 00061 00049 00051 00057 3
mdd 00062 00054 00046 00061 00060 3
add 00063 00009 00010 0
add 00064 00021 00022 1
mld 00073 00068 00070 00072 4
mod 00074 00073 00067 4
mud 00075 00074 00065 00073 4
mrd 00076 00068 00071 00072 4
mdd 00077 00074 00066 00076 00075 4
mld 00078 00069 00070 00077 5
mod 00079 00078 00067 5
mud 00080 00079 00065 00078 5
mrd 00081 00069 00071 00077 5
mdd 00082 00074 00066 00081 00080 5
sub 00083 00044 00062 0
add 00084 00044 00062 2
sub 00085 00083 00062 1
sub 00086 00082 00084 2
mld 00095 00090 00092 00094 6
mod 00096 00095 00089 6
mud 00097 00096 00087 00095 6
mrd 00098 00090 00093 00094 6
mdd 00099 00096 00088 00098 00097 6
mld 00100 00091 00092 00099 7
mod 00101 00100 00089 7
mud 00102 00101 00087 00100 7
mrd 00103 00091 00093 00099 7
mdd 00104 00096 00088 00103 00102 7
mld 00113 00108 00110 00112 8
mod 00114 00113 00107 8
mud 00115 00114 00105 00113 8
mrd 00116 00108 00111 00112 8
mdd 00117 00114 00106 00116 00115 8
mld 00118 00109 00110 00117 9
mod 00119 00118 00107 9
mud 00120 00119 00105 00118 9
mrd 00121 00109 00111 00117 9
mdd 00122 00114 00106 00121 00120 9
add 00123 00011 00012 3
add 00124 00023 00024 4
mld 00133 00128 00130 00132 10
mod 00134 00133 00127 10
mud 00135 00134 00125 00133 10
mrd 00136 00128 00131 00132 10
mdd 00137 00134 00126 00136 00135 10
mld 00138 00129 00130 00137 11
mod 00139 00138 00127 11
mud 00140 00139 00125 00138 11
mrd 00141 00129 00131 00137 11
mdd 00142 00134 00126 00141 00140 11
sub 00143 00104 00122 3
add 00144 00104 00122 5
sub 00145 00143 00122 4
sub 00146 00142 00144 5
add 00147 00009 00011 6
add 00148 00010 00012 7
add 00149 00021 00023 8
add 00150 00022 00024 9
sub 00151 00025 00146 6
sub 00152 00145 00025 7
sub 00153 00151 00146 8
sub 00154 00152 00025 9
mld 00163 00158 00160 00162 12
mod 00164 00163 00157 12
mud 00165 00164 00155 00163 12
mrd 00166 00158 00161 00162 12
mdd 00167 00164 00156 00166 00165 12
mld 00168 00159 00160 00167 13
mod 00169 00168 00157 13
mud 00170 00169 00155 00168 13
mrd 00171 00159 00161 00167 13
mdd 00172 00164 00156 00171 00170 13
mld 00181 00176 00178 00180 14
mod 00182 00181 00175 14
mud 00183 00182 00173 00181 14
mrd 00184 00176 00179 00180 14
mdd 00185 00182 00174 00184 00183 14
mld 00186 00177 00178 00185 15
mod 00187 00186 00175 15
mud 00188 00187 00173 00186 15
mrd 00189 00177 00179 00185 15
mdd 00190 00182 00174 00189 00188 15
add 00191 00147 00148 10
add 00192 00149 00150 11
mld 00201 00196 00198 00200 16
mod 00202 00201 00195 16
mud 00203 00202 00193 00201 16
mrd 00204 00196 00199 00200 16
mdd 00205 00202 00194 00204 00203 16
mld 00206 00197 00198 00205 17
mod 00207 00206 00195 17
mud 00208 00207 00193 00206 17
mrd 00209 00197 00199 00205 17
mdd 00210 00202 00194 00209 00208 17
sub 00211 00172 00190 10
add 00212 00172 00190 12
sub 00213 00211 00190 11
sub 00214 00210 00212 12
sub 00215 00213 00085 13
sub 00216 00214 00086 14
sub 00217 00215 00145 15
sub 00218 00216 00146 16
add 00219 00085 00153 13
add 00220 00086 00154 14
add 00221 00009 00005 15
add 00222 00010 00006 16
add 00223 00011 00007 17
add 00224 00012 00008 18
add 00225 00021 00017 19
add 00226 00022 00018 20
add 00227 00023 00019 21
add 00228 00024 00020 22
mld 00237 00232 00234 00236 18
mod 00238 00237 00231 18
mud 00239 00238 00229 00237 18
mrd 00240 00232 00235 00236 18
mdd 00241 00238 00230 00240 00239 18
mld 00242 00233 00234 00241 19
mod 00243 00242 00231 19
mud 00244 00243 00229 00242 19
mrd 00245 00233 00235 00241 19
mdd 00246 00238 00230 00245 00244 19
mld 00255 00250 00252 00254 20
mod 00256 00255 00249 20
mud 00257 00256 00247 00255 20
mrd 00258 00250 00253 00254 20
mdd 00259 00256 00248 00258 00257 20
mld 00260 00251 00252 00259 21
mod 00261 00260 00249 21
mud 00262 00261 00247 00260 21
mrd 00263 00251 00253 00259 21
mdd 00264 00256 00248 00263 00262 21
add 00265 00005 00006 23
add 00266 00017 00018 24
mld 00275 00270 00272 00274 22
mod 00276 00275 00269 22
mud 00277 00276 00267 00275 22
mrd 00278 00270 00273 00274 22
mdd 00279 00276 00268 00278 00277 22
mld 00280 00271 00272 00279 23
mod 00281 00280 00269 23
mud 00282 00281 00267 00280 23
mrd 00283 00271 00273 00279 23
mdd 00284 00276 00268 00283 00282 23
sub 00285 00246 00264 17
add 00286 00246 00264 25
sub 00287 00285 00264 18
sub 00288 00284 00286 19
mld 00297 00292 00294 00296 24
mod 00298 00297 00291 24
mud 00299 00298 00289 00297 24
mrd 00300 00292 00295 00296 24
mdd 00301 00298 00290 00300 00299 24
mld 00302 00293 00294 00301 25
mod 00303 00302 00291 25
mud 00304 00303 00289 00302 25
mrd 00305 00293 00295 00301 25
mdd 00306 00298 00290 00305 00304 25
mld 00315 00310 00312 00314 26
mod 00316 00315 00309 26
mud 00317 00316 00307 00315 26
mrd 00318 00310 00313 00314 26
mdd 00319 00316 00308 00318 00317 26
mld 00320 00311 00312 00319 27
mod 00321 00320 00309 27
mud 00322 00321 00307 00320 27
mrd 00323 00311 00313 00319 27
mdd 00324 00316 00308 00323 00322 27
add 00325 00007 00008 26
add 00326 00019 00020 27
mld 00335 00330 00332 00334 28
mod 00336 00335 00329 28
mud 00337 00336 00327 00335 28
mrd 00338 00330 00333 00334 28
mdd 00339 00336 00328 00338 00337 28
mld 00340 00331 00332 00339 29
mod 00341 00340 00329 29
mud 00342 00341 00327 00340 29
mrd 00343 00331 00333 00339 29
mdd 00344 00336 00328 00343 00342 29
sub 00345 00306 00324 20
add 00346 00306 00324 28
sub 00347 00345 00324 21
sub 00348 00344 00346 22
add 00349 00005 00007 29
add 00350 00006 00008 30
add 00351 00017 00019 31
add 00352 00018 00020 32
sub 00353 00025 00348 23
sub 00354 00347 00025 24
sub 00355 00353 00348 25
sub 00356 00354 00025 26
mld 00365 00360 00362 00364 30
mod 00366 00365 00359 30
mud 00367 00366 00357 00365 30
mrd 00368 00360 00363 00364 30
mdd 00369 00366 00358 00368 00367 30
mld 00370 00361 00362 00369 31
mod 00371 00370 00359 31
mud 00372 00371 00357 00370 31
mrd 00373 00361 00363 00369 31
mdd 00374 00366 00358 00373 00372 31
mld 00383 00378 00380 00382 32
mod 00384 00383 00377 32
mud 00385 00384 00375 00383 32
mrd 00386 00378 00381 00382 32
mdd 00387 00384 00376 00386 00385 32
mld 00388 00379 00380 00387 33
mod 00389 00388 00377 33
mud 00390 00389 00375 00388 33
mrd 00391 00379 00381 00387 33
mdd 00392 00384 00376 00391 00390 33
add 00393 00349 00350 33
add 00394 00351 00352 34
mld 00403 00398 00400 00402 34
mod 00404 00403 00397 34
mud 00405 00404 00395 00403 34
mrd 00406 00398 00401 00402 34
mdd 00407 00404 00396 00406 00405 34
mld 00408 00399 00400 00407 35
mod 00409 00408 00397 35
mud 00410 00409 00395 00408 35
mrd 00411 00399 00401 00407 35
mdd 00412 00404 00396 00411 00410 35
sub 00413 00374 00392 27
add 00414 00374 00392 35
sub 00415 00413 00392 28
sub 00416 00412 00414 29
sub 00417 00415 00287 30
sub 00418 00416 00288 31
sub 00419 00417 00347 32
sub 00420 00418 00348 33
add 00421 00287 00355 36
add 00422 00288 00356 37
add 00423 00009 00001 38
add 00424 00010 00002 39
add 00425 00011 00003 40
add 00426 00012 00004 41
add 00427 00021 00013 42
add 00428 00022 00014 43
add 00429 00023 00015 44
add 00430 00024 00016 45
mld 00439 00434 00436 00438 36
mod 00440 00439 00433 36
mud 00441 00440 00431 00439 36
mrd 00442 00434 00437 00438 36
mdd 00443 00440 00432 00442 00441 36
mld 00444 00435 00436 00443 37
mod 00445 00444 00433 37
mud 00446 00445 00431 00444 37
mrd 00447 00435 00437 00443 37
mdd 00448 00440 00432 00447 00446 37
mld 00457 00452 00454 00456 38
mod 00458 00457 00451 38
mud 00459 00458 00449 00457 38
mrd 00460 00452 00455 00456 38
mdd 00461 00458 00450 00460 00459 38
mld 00462 00453 00454 00461 39
mod 00463 00462 00451 39
mud 00464 00463 00449 00462 39
mrd 00465 00453 00455 00461 39
mdd 00466 00458 00450 00465 00464 39
add 00467 00221 00222 46
add 00468 00225 00226 47
mld 00477 00472 00474 00476 40
mod 00478 00477 00471 40
mud 00479 00478 00469 00477 40
mrd 00480 00472 00475 00476 40
mdd 00481 00478 00470 00480 00479 40
mld 00482 00473 00474 00481 41
mod 00483 00482 00471 41
mud 00484 00483 00469 00482 41
mrd 00485 00473 00475 00481 41
mdd 00486 00478 00470 00485 00484 41
sub 00487 00448 00466 34
add 00488 00448 00466 48
sub 00489 00487 00466 35
sub 00490 00486 00488 36
mld 00499 00494 00496 00498 42
mod 00500 00499 00493 42
mud 00501 00500 00491 00499 42
mrd 00502 00494 00497 00498 42
mdd 00503 00500 00492 00502 00501 42
mld 00504 00495 00496 00503 43
mod 00505 00504 00493 43
mud 00506 00505 00491 00504 43
mrd 00507 00495 00497 00503 43
mdd 00508 00500 00492 00507 00506 43
mld 00517 00512 00514 00516 44
mod 00518 00517 00511 44
mud 00519 00518 00509 00517 44
mrd 00520 00512 00515 00516 44
mdd 00521 00518 00510 00520 00519 44
mld 00522 00513 00514 00521 45
mod 00523 00522 00511 45
mud 00524 00523 00509 00522 45
mrd 00525 00513 00515 00521 45
mdd 00526 00518 00510 00525 00524 45
add 00527 00223 00224 49
add 00528 00227 00228 50
mld 00537 00532 00534 00536 46
mod 00538 00537 00531 46
mud 00539 00538 00529 00537 46
mrd 00540 00532 00535 00536 46
mdd 00541 00538 00530 00540 00539 46
mld 00542 00533 00534 00541 47
mod 00543 00542 00531 47
mud 00544 00543 00529 00542 47
mrd 00545 00533 00535 00541 47
mdd 00546 00538 00530 00545 00544 47
sub 00547 00508 00526 37
add 00548 00508 00526 51
sub 00549 00547 00526 38
sub 00550 00546 00548 39
add 00551 00221 00223 52
add 00552 00222 00224 53
add 00553 00225 00227 54
add 00554 00226 00228 55
sub 00555 00025 00550 40
sub 00556 00549 00025 41
sub 00557 00555 00550 42
sub 00558 00556 00025 43
mld 00567 00562 00564 00566 48
mod 00568 00567 00561 48
mud 00569 00568 00559 00567 48
mrd 00570 00562 00565 00566 48
mdd 00571 00568 00560 00570 00569 48
mld 00572 00563 00564 00571 49
mod 00573 00572 00561 49
mud 00574 00573 00559 00572 49
mrd 00575 00563 00565 00571 49
mdd 00576 00568 00560 00575 00574 49
mld 00585 00580 00582 00584 50
mod 00586 00585 00579 50
mud 00587 00586 00577 00585 50
mrd 00588 00580 00583 00584 50
mdd 00589 00586 00578 00588 00587 50
mld 00590 00581 00582 00589 51
mod 00591 00590 00579 51
mud 00592 00591 00577 00590 51
mrd 00593 00581 00583 00589 51
mdd 00594 00586 00578 00593 00592 51
add 00595 00551 00552 56
add 00596 00553 00554 57
mld 00605 00600 00602 00604 52
mod 00606 00605 00599 52
mud 00607 00606 00597 00605 52
mrd 00608 00600 00603 00604 52
mdd 00609 00606 00598 00608 00607 52
mld 00610 00601 00602 00609 53
mod 00611 00610 00599 53
mud 00612 00611 00597 00610 53
mrd 00613 00601 00603 00609 53
mdd 00614 00606 00598 00613 00612 53
sub 00615 00576 00594 44
add 00616 00576 00594 58
sub 00617 00615 00594 45
sub 00618 00614 00616 46
sub 00619 00617 00489 47
sub 00620 00618 00490 48
sub 00621 00619 00549 49
sub 00622 00620 00550 50
add 00623 00489 00557 59
add 00624 00490 00558 60
add 00625 00005 00001 61
add 00626 00006 00002 62
add 00627 00007 00003 63
add 00628 00008 00004 64
add 00629 00017 00013 65
add 00630 00018 00014 66
add 00631 00019 00015 67
add 00632 00020 00016 68
mld 00641 00636 00638 00640 54
mod 00642 00641 00635 54
mud 00643 00642 00633 00641 54
mrd 00644 00636 00639 00640 54
mdd 00645 00642 00634 00644 00643 54
mld 00646 00637 00638 00645 55
mod 00647 00646 00635 55
mud 00648 00647 00633 00646 55
mrd 00649 00637 00639 00645 55
mdd 00650 00642 00634 00649 00648 55
mld 00659 00654 00656 00658 56
mod 00660 00659 00653 56
mud 00661 00660 00651 00659 56
mrd 00662 00654 00657 00658 56
mdd 00663 00660 00652 00662 00661 56
mld 00664 00655 00656 00663 57
mod 00665 00664 00653 57
mud 00666 00665 00651 00664 57
mrd 00667 00655 00657 00663 57
mdd 00668 00660 00652 00667 00666 57
add 00669 00001 00002 69
add 00670 00013 00014 70
mld 00679 00674 00676 00678 58
mod 00680 00679 00673 58
mud 00681 00680 00671 00679 58
mrd 00682 00674 00677 00678 58
mdd 00683 00680 00672 00682 00681 58
mld 00684 00675 00676 00683 59
mod 00685 00684 00673 59
mud 00686 00685 00671 00684 59
mrd 00687 00675 00677 00683 59
mdd 00688 00680 00672 00687 00686 59
sub 00689 00650 00668 51
add 00690 00650 00668 71
sub 00691 00689 00668 52
sub 00692 00688 00690 53
mld 00701 00696 00698 00700 60
mod 00702 00701 00695 60
mud 00703 00702 00693 00701 60
mrd 00704 00696 00699 00700 60
mdd 00705 00702 00694 00704 00703 60
mld 00706 00697 00698 00705 61
mod 00707 00706 00695 61
mud 00708 00707 00693 00706 61
mrd 00709 00697 00699 00705 61
mdd 00710 00702 00694 00709 00708 61
mld 00719 00714 00716 00718 62
mod 00720 00719 00713 62
mud 00721 00720 00711 00719 62
mrd 00722 00714 00717 00718 62
mdd 00723 00720 00712 00722 00721 62
mld 00724 00715 00716 00723 63
mod 00725 00724 00713 63
mud 00726 00725 00711 00724 63
mrd 00727 00715 00717 00723 63
mdd 00728 00720 00712 00727 00726 63
add 00729 00003 00004 72
add 00730 00015 00016 73
mld 00739 00734 00736 00738 64
mod 00740 00739 00733 64
mud 00741 00740 00731 00739 64
mrd 00742 00734 00737 00738 64
mdd 00743 00740 00732 00742 00741 64
mld 00744 00735 00736 00743 65
mod 00745 00744 00733 65
mud 00746 00745 00731 00744 65
mrd 00747 00735 00737 00743 65
mdd 00748 00740 00732 00747 00746 65
sub 00749 00710 00728 54
add 00750 00710 00728 74
sub 00751 00749 00728 55
sub 00752 00748 00750 56
add 00753 00001 00003 75
add 00754 00002 00004 76
add 00755 00013 00015 77
add 00756 00014 00016 78
sub 00757 00025 00752 57
sub 00758 00751 00025 58
sub 00759 00757 00752 59
sub 00760 00758 00025 60
mld 00769 00764 00766 00768 66
mod 00770 00769 00763 66
mud 00771 00770 00761 00769 66
mrd 00772 00764 00767 00768 66
mdd 00773 00770 00762 00772 00771 66
mld 00774 00765 00766 00773 67
mod 00775 00774 00763 67
mud 00776 00775 00761 00774 67
mrd 00777 00765 00767 00773 67
mdd 00778 00770 00762 00777 00776 67
mld 00787 00782 00784 00786 68
mod 00788 00787 00781 68
mud 00789 00788 00779 00787 68
mrd 00790 00782 00785 00786 68
mdd 00791 00788 00780 00790 00789 68
mld 00792 00783 00784 00791 69
mod 00793 00792 00781 69
mud 00794 00793 00779 00792 69
mrd 00795 00783 00785 00791 69
mdd 00796 00788 00780 00795 00794 69
add 00797 00753 00754 79
add 00798 00755 00756 80
mld 00807 00802 00804 00806 70
mod 00808 00807 00801 70
mud 00809 00808 00799 00807 70
mrd 00810 00802 00805 00806 70
mdd 00811 00808 00800 00810 00809 70
mld 00812 00803 00804 00811 71
mod 00813 00812 00801 71
mud 00814 00813 00799 00812 71
mrd 00815 00803 00805 00811 71
mdd 00816 00808 00800 00815 00814 71
sub 00817 00778 00796 61
add 00818 00778 00796 81
sub 00819 00817 00796 62
sub 00820 00816 00818 63
sub 00821 00819 00691 64
sub 00822 00820 00692 65
sub 00823 00821 00751 66
sub 00824 00822 00752 67
add 00825 00691 00759 82
add 00826 00692 00760 83
sub 00827 00623 00219 68
sub 00828 00624 00220 69
sub 00829 00621 00217 70
sub 00830 00622 00218 71
sub 00831 00827 00421 72
sub 00832 00828 00422 73
sub 00833 00829 00419 74
sub 00834 00830 00420 75
add 00835 00834 00834 84
add 00836 00025 00025 85
add 00837 00025 00025 86
add 00838 00025 00025 87
sub 00839 00025 00835 76
sub 00840 00833 00836 77
sub 00841 00831 00837 78
sub 00842 00832 00838 79
mld 00851 00846 00848 00850 72
mod 00852 00851 00845 72
mud 00853 00852 00843 00851 72
mrd 00854 00846 00849 00850 72
mdd 00855 00852 00844 00854 00853 72
mld 00856 00847 00848 00855 73
mod 00857 00856 00845 73
mud 00858 00857 00843 00856 73
mrd 00859 00847 00849 00855 73
mdd 00860 00852 00844 00859 00858 73
mld 00869 00864 00866 00868 74
mod 00870 00869 00863 74
mud 00871 00870 00861 00869 74
mrd 00872 00864 00867 00868 74
mdd 00873 00870 00862 00872 00871 74
mld 00874 00865 00866 00873 75
mod 00875 00874 00863 75
mud 00876 00875 00861 00874 75
mrd 00877 00865 00867 00873 75
mdd 00878 00870 00862 00877 00876 75
add 00879 00625 00626 88
add 00880 00629 00630 89
mld 00889 00884 00886 00888 76
mod 00890 00889 00883 76
mud 00891 00890 00881 00889 76
mrd 00892 00884 00887 00888 76
mdd 00893 00890 00882 00892 00891 76
mld 00894 00885 00886 00893 77
mod 00895 00894 00883 77
mud 00896 00895 00881 00894 77
mrd 00897 00885 00887 00893 77
mdd 00898 00890 00882 00897 00896 77
sub 00899 00860 00878 80
add 00900 00860 00878 90
sub 00901 00899 00878 81
sub 00902 00898 00900 82
mld 00911 00906 00908 00910 78
mod 00912 00911 00905 78
mud 00913 00912 00903 00911 78
mrd 00914 00906 00909 00910 78
mdd 00915 00912 00904 00914 00913 78
mld 00916 00907 00908 00915 79
mod 00917 00916 00905 79
mud 00918 00917 00903 00916 79
mrd 00919 00907 00909 00915 79
mdd 00920 00912 00904 00919 00918 79
mld 00929 00924 00926 00928 80
mod 00930 00929 00923 80
mud 00931 00930 00921 00929 80
mrd 00932 00924 00927 00928 80
mdd 00933 00930 00922 00932 00931 80
mld 00934 00925 00926 00933 81
mod 00935 00934 00923 81
mud 00936 00935 00921 00934 81
mrd 00937 00925 00927 00933 81
mdd 00938 00930 00922 00937 00936 81
add 00939 00627 00628 91
add 00940 00631 00632 92
mld 00949 00944 00946 00948 82
mod 00950 00949 00943 82
mud 00951 00950 00941 00949 82
mrd 00952 00944 00947 00948 82
mdd 00953 00950 00942 00952 00951 82
mld 00954 00945 00946 00953 83
mod 00955 00954 00943 83
mud 00956 00955 00941 00954 83
mrd 00957 00945 00947 00953 83
mdd 00958 00950 00942 00957 00956 83
sub 00959 00920 00938 83
add 00960 00920 00938 93
sub 00961 00959 00938 84
sub 00962 00958 00960 85
add 00963 00625 00627 94
add 00964 00626 00628 95
add 00965 00629 00631 96
add 00966 00630 00632 97
sub 00967 00025 00962 86
sub 00968 00961 00025 87
sub 00969 00967 00962 88
sub 00970 00968 00025 89
mld 00979 00974 00976 00978 84
mod 00980 00979 00973 84
mud 00981 00980 00971 00979 84
mrd 00982 00974 00977 00978 84
mdd 00983 00980 00972 00982 00981 84
mld 00984 00975 00976 00983 85
mod 00985 00984 00973 85
mud 00986 00985 00971 00984 85
mrd 00987 00975 00977 00983 85
mdd 00988 00980 00972 00987 00986 85
mld 00997 00992 00994 00996 86
mod 00998 00997 00991 86
mud 00999 00998 00989 00997 86
mrd 01000 00992 00995 00996 86
mdd 01001 00998 00990 01000 00999 86
mld 01002 00993 00994 01001 87
mod 01003 01002 00991 87
mud 01004 01003 00989 01002 87
mrd 01005 00993 00995 01001 87
mdd 01006 00998 00990 01005 01004 87
add 01007 00963 00964 98
add 01008 00965 00966 99
mld 01017 01012 01014 01016 88
mod 01018 01017 01011 88
mud 01019 01018 01009 01017 88
mrd 01020 01012 01015 01016 88
mdd 01021 01018 01010 01020 01019 88
mld 01022 01013 01014 01021 89
mod 01023 01022 01011 89
mud 01024 01023 01009 01022 89
mrd 01025 01013 01015 01021 89
mdd 01026 01018 01010 01025 01024 89
sub 01027 00988 01006 90
add 01028 00988 01006 100
sub 01029 01027 01006 91
sub 01030 01026 01028 92
sub 01031 01029 00901 93
sub 01032 01030 00902 94
sub 01033 01031 00961 95
sub 01034 01032 00962 96
add 01035 00901 00969 101
add 01036 00902 00970 102
add 01037 00839 00825 103
add 01038 00840 00826 104
add 01039 00841 00823 105
add 01040 00842 00824 106
add 01041 00218 00218 107
add 01042 00025 00025 108
add 01043 00025 00025 109
add 01044 00025 00025 110
sub 01045 00025 01041 97
sub 01046 00217 01042 98
sub 01047 00219 01043 99
sub 01048 00220 01044 100
sub 01049 01035 00421 101
sub 01050 01036 00422 102
sub 01051 01033 00419 103
sub 01052 01034 00420 104
sub 01053 01049 00825 105
sub 01054 01050 00826 106
sub 01055 01051 00823 107
sub 01056 01052 00824 108
mld 01065 01060 01062 01064 90
mod 01066 01065 01059 90
mud 01067 01066 01057 01065 90
mrd 01068 01060 01063 01064 90
mdd 01069 01066 01058 01068 01067 90
mld 01070 01061 01062 01069 91
mod 01071 01070 01059 91
mud 01072 01071 01057 01070 91
mrd 01073 01061 01063 01069 91
mdd 01074 01066 01058 01073 01072 91
mld 01083 01078 01080 01082 92
mod 01084 01083 01077 92
mud 01085 01084 01075 01083 92
mrd 01086 01078 01081 01082 92
mdd 01087 01084 01076 01086 01085 92
mld 01088 01079 01080 01087 93
mod 01089 01088 01077 93
mud 01090 01089 01075 01088 93
mrd 01091 01079 01081 01087 93
mdd 01092 01084 01076 01091 01090 93
add 01093 00423 00424 111
add 01094 00427 00428 112
mld 01103 01098 01100 01102 94
mod 01104 01103 01097 94
mud 01105 01104 01095 01103 94
mrd 01106 01098 01101 01102 94
mdd 01107 01104 01096 01106 01105 94
mld 01108 01099 01100 01107 95
mod 01109 01108 01097 95
mud 01110 01109 01095 01108 95
mrd 01111 01099 01101 01107 95
mdd 01112 01104 01096 01111 01110 95
sub 01113 01074 01092 109
add 01114 01074 01092 113
sub 01115 01113 01092 110
sub 01116 01112 01114 111
mld 01125 01120 01122 01124 96
mod 01126 01125 01119 96
mud 01127 01126 01117 01125 96
mrd 01128 01120 01123 01124 96
mdd 01129 01126 01118 01128 01127 96
mld 01130 01121 01122 01129 97
mod 01131 01130 01119 97
mud 01132 01131 01117 01130 97
mrd 01133 01121 01123 01129 97
mdd 01134 01126 01118 01133 01132 97
mld 01143 01138 01140 01142 98
mod 01144 01143 01137 98
mud 01145 01144 01135 01143 98
mrd 01146 01138 01141 01142 98
mdd 01147 01144 01136 01146 01145 98
mld 01148 01139 01140 01147 99
mod 01149 01148 01137 99
mud 01150 01149 01135 01148 99
mrd 01151 01139 01141 01147 99
mdd 01152 01144 01136 01151 01150 99
add 01153 00425 00426 114
add 01154 00429 00430 115
mld 01163 01158 01160 01162 100
mod 01164 01163 01157 100
mud 01165 01164 01155 01163 100
mrd 01166 01158 01161 01162 100
mdd 01167 01164 01156 01166 01165 100
mld 01168 01159 01160 01167 101
mod 01169 01168 01157 101
mud 01170 01169 01155 01168 101
mrd 01171 01159 01161 01167 101
mdd 01172 01164 01156 01171 01170 101
sub 01173 01134 01152 112
add 01174 01134 01152 116
sub 01175 01173 01152 113
sub 01176 01172 01174 114
add 01177 00423 00425 117
add 01178 00424 00426 118
add 01179 00427 00429 119
add 01180 00428 00430 120
sub 01181 00025 01176 115
sub 01182 01175 00025 116
sub 01183 01181 01176 117
sub 01184 01182 00025 118
mld 01193 01188 01190 01192 102
mod 01194 01193 01187 102
mud 01195 01194 01185 01193 102
mrd 01196 01188 01191 01192 102
mdd 01197 01194 01186 01196 01195 102
mld 01198 01189 01190 01197 103
mod 01199 01198 01187 103
mud 01200 01199 01185 01198 103
mrd 01201 01189 01191 01197 103
mdd 01202 01194 01186 01201 01200 103
mld 01211 01206 01208 01210 104
mod 01212 01211 01205 104
mud 01213 01212 01203 01211 104
mrd 01214 01206 01209 01210 104
mdd 01215 01212 01204 01214 01213 104
mld 01216 01207 01208 01215 105
mod 01217 01216 01205 105
mud 01218 01217 01203 01216 105
mrd 01219 01207 01209 01215 105
mdd 01220 01212 01204 01219 01218 105
add 01221 01177 01178 121
add 01222 01179 01180 122
mld 01231 01226 01228 01230 106
mod 01232 01231 01225 106
mud 01233 01232 01223 01231 106
mrd 01234 01226 01229 01230 106
mdd 01235 01232 01224 01234 01233 106
mld 01236 01227 01228 01235 107
mod 01237 01236 01225 107
mud 01238 01237 01223 01236 107
mrd 01239 01227 01229 01235 107
mdd 01240 01232 01224 01239 01238 107
sub 01241 01202 01220 119
add 01242 01202 01220 123
sub 01243 01241 01220 120
sub 01244 01240 01242 121
sub 01245 01243 01115 122
sub 01246 01244 01116 123
sub 01247 01245 01175 124
sub 01248 01246 01176 125
add 01249 01115 01183 124
add 01250 01116 01184 125
add 01251 01045 01053 126
add 01252 01046 01054 127
add 01253 01047 01055 128
add 01254 01048 01056 129
sub 01255 01249 00219 126
sub 01256 01250 00220 127
sub 01257 01247 00217 128
sub 01258 01248 00218 129
sub 01259 01255 00825 130
sub 01260 01256 00826 131
sub 01261 01257 00823 132
sub 01262 01258 00824 133
add 01263 01259 00421 130
add 01264 01260 00422 131
add 01265 01261 00419 132
add 01266 01262 00420 133
